ParName   Value   Gradient
MGparm[2]      10.1021 -0.000161893
MGparm[3]      23.3143 -0.000388549
MGparm[4]     0.649017 -7.12033e-005
MGparm[5]     0.174458 -2.81248e-005
MGparm[6]    0.0383257 -1.64156e-005
SR_parm[1]      16.2201 -0.000737742
SR_parm[6]     -4.67232  0.000260518
recdev_early(1977)  -0.00830166 -1.23912e-006
recdev_early(1978)     0.162055 3.89589e-006
recdev_early(1979)    -0.986292 1.69015e-005
recdev_early(1980)    -0.412758  3.8724e-005
recdev_early(1981)     0.773009 2.73153e-005
recdev_early(1982)      1.05828 2.62082e-005
recdev1(1983)     0.655857 5.50282e-005
recdev1(1984)    -0.241577 3.62923e-005
recdev1(1985)      0.39584  5.4235e-005
recdev1(1986)     0.892282 4.06193e-005
recdev1(1987)     0.483064 3.89876e-005
recdev1(1988)     -0.26075 6.68293e-005
recdev1(1989)    -0.249385 3.80414e-005
recdev1(1990)     0.884675 -3.4954e-005
recdev1(1991)     0.747995 4.22436e-006
recdev1(1992)      1.56427 -8.41156e-006
recdev1(1993)      2.08081 -1.80493e-005
recdev1(1994)      1.16806 -1.11137e-006
recdev1(1995)     0.814901 -7.89937e-006
recdev1(1996)      1.16528 -9.61497e-006
recdev1(1997)      1.16127 -0.000113482
recdev1(1998)     -0.41024 -9.07887e-006
recdev1(1999)    -0.592686 7.56714e-008
recdev1(2000)   -0.0954484 -2.27881e-005
recdev1(2001)     -1.48092 1.18191e-005
recdev1(2002)      1.75614 -3.95038e-005
recdev1(2003)      1.64066 -2.67122e-005
recdev1(2004)      1.59907 -2.83993e-005
recdev1(2005)     0.471558 5.60076e-005
recdev1(2006)     0.124622 -2.16261e-005
recdev1(2007)     -0.64727 -6.52469e-006
recdev1(2008)  -0.00905613 -4.10052e-005
recdev1(2009)     0.150978 -7.55349e-005
recdev1(2010)     -2.26573 1.05672e-005
recdev1(2011)     -3.78786 1.31876e-005
recdev1(2012)     -2.95527 1.55122e-005
recdev1(2013)     -1.31067 1.07297e-005
recdev1(2014)    -0.377372 -2.55502e-006
recdev1(2015)     -1.07017 1.42173e-005
recdev1(2016)     -0.74396 1.22597e-005
recdev1(2017)     -1.28117 1.44492e-005
recdev1(2018)    0.0222021 2.07383e-005
Fcast_recruitments(2019)            0            0
Fcast_recruitments(2020)            0            0
init_F[1]      8.60922 -1.25143e-006
selparm[1]       14.104 -0.000101869
selparm[2]      2.44466  1.2169e-005
selparm[3]     0.499993  -2.204e-009
selparm[4]     0.500322 2.82828e-008
selparm[5]      9.44344 6.06987e-007
selparm[6]       1.6991 2.06725e-006
selparm[7]     0.754269 1.64945e-006
selparm[8]     0.429481 1.85664e-005
selparm[9]    -0.870899 4.02517e-006
selparm[10]     -1.59304 1.90313e-006
selparm[11]     -5.00078 -2.98021e-007
selparm[13]      3.12518 1.27336e-006
selparm[14]       1.7449 5.59045e-005
selparm[15]     0.544145  0.000134241
selparm[16]     -1.32112 5.69281e-006
selparm[17]     0.990371 1.39782e-006
selparm[18]     -1.31735 -2.05784e-006
selparm[19]  -0.00237287 3.54784e-006
selparm[20]     -3.33073 2.09827e-006
selparm[21]      8.51639 -1.02607e-006
selparm[22]     0.799055  0.000221278
selparm[24]      1.57976 6.06107e-007
selparm[25]      4.25929 2.42564e-006
selparm[26]      3.90063 -6.41723e-008
selparm[27]      5.22949 7.34151e-007
selparm[28]      3.62527 -1.94929e-006
selparm[29]     0.501817 -1.56441e-008
selparm[30]      5.87038 -7.53789e-007
selparm[31]     -2.92625  9.9269e-008
selparm[32]    -0.796017 -1.02734e-006
selparm[33]      -3.9101  -0.00018349
selparm[34]     -3.14676 -1.4465e-005
selparm[35]     -1.80909 2.28858e-006
selparm[36]     -1.32669 -2.53699e-006
selparm[37]     -3.34313   0.00018225
selparm[38]      6.44183 8.20997e-007
selparm[39]      3.11719 2.11571e-007
selparm[40]     -4.96278 -1.29668e-006
selparm[41]     0.612305 2.31141e-006
selparm[42]      1.18246 2.15793e-006
selparm[43]      0.84005 -4.70497e-006
selparm[44]      1.29594 -1.72909e-006
selparm[45]      12.7706 -1.94608e-007
selparm[46]      1.07489 1.09971e-006
selparm[47]      2.27703 -1.74785e-006
selparm[48]    -0.103393 -5.1404e-006
selparm[49]     0.228442 -0.000186529
selparm[50]    -0.251484 -8.46847e-006
selparm[51]     -1.43144 3.18795e-006
selparm[52]    -0.750495 -1.16595e-005
selparm[53]     0.818778  0.000155356
selparm[54]      0.59884 -1.58108e-008
selparm[55]     0.890418 -3.58731e-006
selparm[56]      1.64097 -3.49299e-006
selparm[57]     -7.04097 -7.46115e-007
selparm[58]     -5.82279 -2.23139e-006
selparm[59]     -1.17671 -1.44511e-006
selparm[60]     0.957521 -1.28343e-005
selparm[61]      1.62065 -9.10786e-005
selparm[62]     0.381515 -4.66887e-007
selparm[63]      1.00819 -8.15227e-006
selparm[64]     -1.42514 1.66355e-006
selparm[65]     -3.26724 -1.37989e-005
selparm[66]    -0.939324 -1.73948e-006
selparm[67]    -0.733142 3.88135e-007
selparm[68]     -1.36557 -1.65972e-007
selparm[69]     -1.77733 3.07177e-005
selparm[70]     -2.24024 -4.65692e-006
selparm[71]     0.466907 -2.66908e-006
selparm[72]    -0.786461 -2.34416e-006
selparm[73]     -1.54423 2.47454e-006
selparm[74]     -2.07146 -1.28211e-006
selparm[75]      1.49573 -5.73647e-008
selparm[76]     -4.30472 -2.90215e-007
selparm[77]     -1.01503 4.62618e-005
selparm[78]     -8.15502 7.25125e-007
selparm[79]     -3.78037 8.65288e-007
selparm[80]     -1.03557 -1.97332e-006
selparm[81]     0.645023 -8.64234e-006
selparm[82]     -1.52197 -3.41553e-007
selparm[83]      -1.1063 -6.58414e-007
selparm[84]     -0.30845 -1.29297e-006
selparm[85]      -7.2753 -1.18287e-006
selparm[86]     -8.89527 -1.41041e-007
selparm[87]     -2.26178 -2.78463e-006
selparm[88]      1.84157 -1.67521e-006
selparm[89]    -0.974951 1.63736e-007
selparm[90]     -1.76533 -9.99827e-008
selparm[91]     -2.38975 4.63509e-006
selparm[92]      -1.9681 9.39998e-007
selparm[93]     -3.86211 -6.01702e-006
selparm[94]     -3.50706 -3.12974e-006
selparm[95]     -4.35338 -7.45498e-007
selparm[96]     -4.41479 -3.44227e-006
selparm[97]     -2.98591 -3.20717e-006
selparm[98]     -4.25399 4.74049e-006
selparm[99]     -4.22939 -1.91861e-006
selparm[100]     -3.56389 -3.17686e-006
selparm[101]     -6.52021 9.28932e-006
selparm[102]     -1.82595 -9.67556e-007
selparm[103]    0.0208979 -7.04171e-007
selparm[104]     -1.58339 8.66079e-006
selparm[105]     -1.36535  4.4352e-005
selparm[106]     -2.22167 -8.04052e-007
selparm[107]     -1.75414 -1.88973e-006
selparm[108]     -2.36721 -7.32802e-006
selparm[109]     -3.37328 -1.16587e-006
selparm[110]     -2.08105 -1.05832e-006
selparm[111]     -2.68199 2.95202e-006
selparm[112]     -2.94793 -5.32482e-006
selparm[113]     -3.34098 1.92507e-006
selparm[114]     -5.29576 1.16875e-006
selparm[115]    -0.872501 -1.30273e-006
selparm[116]     -2.32991 -9.64856e-006
selparm[117]    -0.551578 6.25278e-006
selparm[118]      0.86459 7.47626e-006
selparm[119]       1.5134 7.43118e-005
selparm[120]     -1.90878  7.0217e-007
selparm[121]     -1.56911 -5.53114e-006
selparm[122]    -0.437177 -2.05328e-006
selparm[123]     -2.47848 -4.37144e-006
selparm[124]     -3.05221 -3.88059e-006
selparm[125]    -0.903894 -1.09807e-006
selparm[126]      -1.5529 -2.34205e-006
selparm[127]     -1.54288 -6.35534e-008
selparm[128]     0.677135 3.58042e-007
selparm[129]  -0.00659693 -2.22228e-006
selparm[130]    -0.970337 -1.26442e-006
selparm[131]      2.46606 -9.27715e-007
selparm[132]      2.50047 -6.49221e-006
selparm[133]      1.67191 -3.48958e-005
selparm[134]      2.49842 -4.26818e-005
selparm[135]      2.95957 1.47926e-005
selparm[136]      2.87269 -6.00903e-006
selparm[137]      2.39737 -2.53384e-006
selparm[138]      2.88727 2.13625e-005
selparm[139]      6.64977 -1.30748e-006
selparm[140]      7.44006 -2.36055e-007
selparm[141]      2.87637 5.24895e-007
selparm[143]      2.96829 5.43432e-008
selparm[145]      1.90792 5.60837e-007
selparm[146]      10.0667 -8.64989e-007
parm_dev[1](1982)      1.49909 6.98211e-006
parm_dev[1](1983)     0.198661 -4.87368e-006
parm_dev[1](1984)     0.393124 6.49056e-006
parm_dev[1](1985)     0.961294 1.66856e-006
parm_dev[1](1986)     0.539306 6.74021e-006
parm_dev[1](1987)      0.96455 2.60355e-006
parm_dev[1](1988)     0.388011 -1.7438e-006
parm_dev[1](1989)     0.248405 -1.59265e-005
parm_dev[1](1990)     -1.29427 -1.54203e-006
parm_dev[1](1991)    -0.362707 -1.43128e-006
parm_dev[1](1992)    -0.370713 2.41256e-007
parm_dev[1](1993)    -0.766393 -9.82102e-006
parm_dev[1](1994)    -0.257959 1.69309e-006
parm_dev[1](1995)     -1.57958 8.65876e-007
parm_dev[1](1996)    -0.743545 7.54476e-006
parm_dev[1](1997)    -0.575413 -4.91749e-006
parm_dev[1](1998)     -1.59953 -1.3157e-006
parm_dev[1](1999)   -0.0213199 -2.29866e-006
parm_dev[1](2000)      1.65966 -7.8056e-006
parm_dev[1](2001)       2.7942 -8.26946e-006
parm_dev[1](2002)      1.87763 -2.63352e-006
parm_dev[1](2003)      1.35676 1.64649e-007
parm_dev[1](2004)      1.56204 -1.21571e-005
parm_dev[1](2005)    -0.836005 -1.04661e-006
parm_dev[1](2006)    -0.917958 -1.04823e-005
parm_dev[1](2007)     -2.70032 -1.48069e-006
parm_dev[1](2008)     -4.46156 -1.01108e-005
parm_dev[1](2009)     -3.41579 -1.0268e-005
parm_dev[1](2010)     -1.32368 -2.1291e-006
parm_dev[1](2011)    -0.201092 -8.55257e-006
parm_dev[1](2012)    -0.142677 -5.92058e-006
parm_dev[1](2013)     0.820891 1.83375e-006
parm_dev[1](2014)       0.4757 -9.34945e-006
parm_dev[1](2015)     0.622355 -1.25705e-005
parm_dev[1](2016)      1.40637 -3.69016e-006
parm_dev[1](2017)      2.28164 -1.54993e-005
parm_dev[1](2018)     0.500194 4.31348e-006
parm_dev[1](2019)     0.301426 1.92628e-006
parm_dev[2](1982)     0.681945 9.75049e-006
parm_dev[2](1983)      1.78883 5.51006e-006
parm_dev[2](1984)      2.38422 1.18439e-005
parm_dev[2](1985)      1.19867 6.16781e-006
parm_dev[2](1986)      2.18886 4.38844e-006
parm_dev[2](1987)     0.318252 1.17879e-005
parm_dev[2](1988)      1.98235 -1.82372e-006
parm_dev[2](1989)    -0.513211 6.99333e-006
parm_dev[2](1990)    -0.450975 5.55462e-007
parm_dev[2](1991)     -2.33179 -2.84591e-005
parm_dev[2](1992)     -1.69184 -5.11048e-006
parm_dev[2](1993)      -2.3052 -1.53677e-005
parm_dev[2](1994)     -1.38154 -1.61788e-005
parm_dev[2](1995)     -1.50453 -5.83039e-006
parm_dev[2](1996)     -1.94275 -1.16908e-005
parm_dev[2](1997)     -2.45269 -2.24688e-005
parm_dev[2](1998)     -1.81166 -4.02951e-005
parm_dev[2](1999)     -1.45407 -1.48356e-005
parm_dev[2](2000)     -2.74016 -1.52726e-006
parm_dev[2](2001)    -0.914944 -1.97967e-005
parm_dev[2](2002)     -1.89729 3.94176e-008
parm_dev[2](2003)     -3.59654 -2.67148e-005
parm_dev[2](2004)     -4.73871 -1.4715e-005
parm_dev[2](2005)     -4.37003 -1.72869e-005
parm_dev[2](2006)     -3.86236 3.83356e-006
parm_dev[2](2007)     -1.67277 -3.71389e-006
parm_dev[2](2008)     -3.55913 -6.75498e-006
parm_dev[2](2009)     -1.83297 -1.39276e-005
parm_dev[2](2010)     0.214928 -3.41966e-005
parm_dev[2](2011)      1.00302 1.29767e-006
parm_dev[2](2012)    -0.765391 -7.92089e-006
parm_dev[2](2013)     -1.48734 3.50385e-006
parm_dev[2](2014)     0.617351 8.95784e-007
parm_dev[2](2015)      2.59703 1.56443e-006
parm_dev[2](2016)      2.83815  1.1859e-006
parm_dev[2](2017)    -0.570588 -4.10462e-006
parm_dev[2](2018)      1.88363 -4.85931e-006
parm_dev[2](2019) 8.16709e-007 1.28288e-005
